73137  100  25  25  25  25
48184  100  25  25  25  25
38183  100  25  25  25  25
18181  100  25  25  25  25
13031  100  25  25  25  25
58085  100  25  25  25  25
48084  100  25  25  25  25
98189   99  25  24  25  25
99199   98  25  25  25  23
28182   98  23  25  25  25
8180   98  23  25  25  25
99099   98  25  25  23  25
85358   98  25  25  25  23
103040   97  25  25  22  25
29192   97  25  25  24  23
108190   96  25  25  23  23
73037   96  25  25  23  23
3030   96  25  23  23  25
79597   96  23  25  23  25
59095   95  25  25  20  25
39093   95  25  25  22  23
19091   95  25  25  20  25
53035   95  23  25  22  25
62126   95  23  25  22  25
25452   95  25  25  23  22
93039   94  23  25  23  23
38083   94  23  25  23  23
13131   93  23  25  20  25
33033   93  25  25  20  23
18481   93  25  25  20  23
66366   92  25  25  20  22
3130   91  23  18  25  25
109100   91  23  25  18  25
78087   91  23  23  22  23
59195   90  23  25  20  22
23132   90  23  23  19  25
68086   90  23  23  23  21
63536   90  25  25  20  20
99399   90  25  25  20  20
103140   88  25  23  20  20
23032   88  25  25  15  23
63136   87  20  25  20  22
72127   87  25  25  22  15
49194   86  23  25  15  23
62026   86  25  23  15  23
69096   85  23  25  15  22
43134   83  23  23  12  25
108090   83  23  25  15  20
39393   82  23  23  18  18
16961   80  20  25  10  25
103140   75  23  15  17  20
68186   73  15  20  15  23
35353   73  15  18  15  25
49094   71  23  25   0  23
28082   71  23  25   0  23
19391   71  18  18  15  20
42324   70  25  25   3  17
53135   68  10  23  10  25
18081   68  20  25  10  13
79597   68  20  25   0  23
72027   66  10  23  10  23
69196   65  15  25   2  23
9090   65  20  22   0  23
43534   65  20  25  15   5
29192   62  12  20  15  15
46364   62  22  20   0  20
62126   60  10  12  20  18
6560   60  10  23  12  15
8080   58  20  25   0  13
52025   56  18   0  15  23
39193   53  18  20  10   5
33133   52  22   5  15  10
9390   45  20  23   1   1
98089   40   5  15  10  10
15351   40   5  15   5  15
12421   40   5  15  10  10
58185   30   5  10   5  10
93139    0 2035050827   0 2035053217   0
93139    0 2035050827   0 2035053217   0
